0:1,0.528;2,0.495;3,0.471
1:0,0.528;3,0.508
2:0,0.495;3,3.437;5,12.033;15,34.852
3:0,0.471;1,0.508;2,3.437;4,23.155
4:3,23.155;5,6.891;6,4.285;7,0.520
5:2,12.033;4,6.8910
6:4,4.285;7,0.630;8,17.406
7:4,0.520;6,0.630
8:6,17.406;9,6.657;10,15.216;11,10.625;12,17.320
9:8,6.657;12,16.450
10:8,15.216;14,12.373
11:8,10.625;12,3.618
12:8,17.320;9,16.450;11,3.618
13:14,4.450;19,6.450
14:10,12.373;13,4.450;15,16.178;19,5.203
15:2,34.852;14,16.178;16,4.818;18,3.877;19,19.131
16:15,4.818;17,3.199;18,2.976
17:16,3.199;18,20.832
18:15,3.877;16,2.976;17,20.832;20,2.510
19:13,6.450;14,5.203;15,19.131;20,13.313
20:18,2.510;19,13.313
